[node 0]
type = null
name = glassExportGroup
parent = -1
matrixColumn0 = 1 0 -0 0
matrixColumn1 = 0 1 -0 0
matrixColumn2 = -0 -0 1 -0
matrixColumn3 = 0 0 0 1
[node 1]
type = model
name = Glass1
parent = 0
matrixColumn0 = 1 0 -0 0
matrixColumn1 = 0 1 -0 0
matrixColumn2 = -0 -0 1 -0
matrixColumn3 = 0 0 0 1
BoundingBoxCenter = -0.000249982 1.79585 0.0811 
BoundingBoxHalf = 1.99102 1.79585 3.02717 
meshcount = 1 
material0 = GlassM
